[gd_scene load_steps=8 format=3 uid="uid://cy5liprub3b7t"]

[ext_resource type="PackedScene" uid="uid://dkcvjwut8lemu" path="res://WorldBlocks/platform.tscn" id="1_3grja"]
[ext_resource type="PackedScene" uid="uid://dpaqrwtjbvv7l" path="res://Player/player.tscn" id="2_uuqa3"]
[ext_resource type="PackedScene" uid="uid://bl8q08srqwu41" path="res://WorldEnvironmentDark.tscn" id="3_krplt"]
[ext_resource type="PackedScene" uid="uid://cgxwmwtpno0c0" path="res://WorldBlocks/disappearing_glassPlatform.tscn" id="4_73tut"]
[ext_resource type="PackedScene" uid="uid://ddjglid8xjiwg" path="res://WorldBlocks/death.tscn" id="4_gj4ud"]
[ext_resource type="PackedScene" uid="uid://dj3o42c3ybu2e" path="res://WorldBlocks/glass.tscn" id="5_jefni"]
[ext_resource type="PackedScene" uid="uid://c776e2jroe45l" path="res://gem.tscn" id="6_c8urb"]

[node name="World" type="Node3D"]

[node name="Platform" parent="." instance=ExtResource("1_3grja")]

[node name="Platform3" parent="." instance=ExtResource("1_3grja")]
transform = Transform3D(2, 0, 0, 0, 2, 0, 0, 0, 2, 2, 0, 0)

[node name="Platform2" parent="." instance=ExtResource("1_3grja")]
transform = Transform3D(2, 0, 0, 0, 2, 0, 0, 0, 2, -30.8174, -0.24396, 10)

[node name="Player" parent="." instance=ExtResource("2_uuqa3")]
transform = Transform3D(-1.63296e-08, 0, 0.373579, 0, 0.373579, 0, -0.373579, 0, -1.63296e-08, 2.24117, 0.852064, 0)

[node name="WorldEnvironment" parent="." instance=ExtResource("3_krplt")]

[node name="death" parent="." instance=ExtResource("4_gj4ud")]
transform = Transform3D(210.972, 0, 0, 0, 7.66789, 0, 0, 0, 125.944, 0, -9.69432, 0)

[node name="DisappearingPlatform" parent="." instance=ExtResource("4_73tut")]
transform = Transform3D(1, 0, 0, 0, 0.819152, 0.573576, 0, -0.573576, 0.819152, -2, 0, 2)

[node name="DisappearingPlatform2" parent="." instance=ExtResource("4_73tut")]
transform = Transform3D(1, 0, 0, 0, 0.819152, 0.573576, 0, -0.573576, 0.819152, -4, 0, 2)

[node name="DisappearingPlatform3" parent="." instance=ExtResource("4_73tut")]
transform = Transform3D(-0.258819, 0.554032, -0.79124, 1.49012e-08, 0.819152, 0.573576, 0.965926, 0.148452, -0.212012, -14.2588, 0, 7.96593)

[node name="DisappearingPlatform5" parent="." instance=ExtResource("4_73tut")]
transform = Transform3D(-0.258819, 0.554032, -0.79124, 1.49012e-08, 0.819152, 0.573576, 0.965926, 0.148452, -0.212012, -13.7412, 0, 6.03407)

[node name="DisappearingPlatform6" parent="." instance=ExtResource("4_73tut")]
transform = Transform3D(-0.258819, 0.554032, -0.79124, 2.88394e-08, 0.819152, 0.573576, 0.965926, 0.148452, -0.212012, -15.7112, 0, 12.9659)

[node name="DisappearingPlatform10" parent="." instance=ExtResource("4_73tut")]
transform = Transform3D(-0.258819, 0.554032, -0.79124, 2.88394e-08, 0.819152, 0.573576, 0.965926, 0.148452, -0.212012, -19.7112, 0, 10.9659)

[node name="DisappearingPlatform11" parent="." instance=ExtResource("4_73tut")]
transform = Transform3D(-0.258819, 0.554032, -0.79124, 2.88394e-08, 0.819152, 0.573576, 0.965926, 0.148452, -0.212012, -25.7112, 0, 18.9659)

[node name="DisappearingPlatform7" parent="." instance=ExtResource("4_73tut")]
transform = Transform3D(-0.258819, 0.554032, -0.79124, 2.88394e-08, 0.819152, 0.573576, 0.965926, 0.148452, -0.212012, -15.1936, 0, 11.0341)

[node name="DisappearingPlatform8" parent="." instance=ExtResource("4_73tut")]
transform = Transform3D(-0.258819, 0.554032, -0.79124, 2.88394e-08, 0.819152, 0.573576, 0.965926, 0.148452, -0.212012, -28.7112, 0, 13.9659)

[node name="DisappearingPlatform9" parent="." instance=ExtResource("4_73tut")]
transform = Transform3D(-0.258819, 0.554032, -0.79124, 2.88394e-08, 0.819152, 0.573576, 0.965926, 0.148452, -0.212012, -28.1936, 0, 12.0341)

[node name="DisappearingPlatform4" parent="." instance=ExtResource("4_73tut")]
transform = Transform3D(1, 0, 0, 0, 0.819152, 0.573576, 0, -0.573576, 0.819152, -8, 0, 2)

[node name="Glass" parent="." instance=ExtResource("5_jefni")]
transform = Transform3D(2, 0, 0, 0, 1.6383, -1.14715, 0, 1.14715, 1.6383, -2, 0, -2)

[node name="Glass2" parent="." instance=ExtResource("5_jefni")]
transform = Transform3D(2, 0, 0, 0, 1.6383, -1.14715, 0, 1.14715, 1.6383, -4, 0, -2)

[node name="Glass3" parent="." instance=ExtResource("5_jefni")]
transform = Transform3D(1.66827, 0.632722, 0.903621, 0, 1.6383, -1.14715, -1.10312, 0.956882, 1.36657, -7.16586, 0, -2.55156)

[node name="Glass4" parent="." instance=ExtResource("5_jefni")]
transform = Transform3D(1.66827, 0.632722, 0.903621, 0, 1.6383, -1.14715, -1.10312, 0.956882, 1.36657, -8.83414, 0, -1.44844)

[node name="Glass7" parent="." instance=ExtResource("5_jefni")]
transform = Transform3D(-0.893204, -1.02639, -1.46584, 3.28755e-08, 1.6383, -1.14715, 1.78946, -0.512323, -0.731674, -10.4466, 0, 7.89473)

[node name="Glass8" parent="." instance=ExtResource("5_jefni")]
transform = Transform3D(-0.893204, -1.02639, -1.46584, 3.28755e-08, 1.6383, -1.14715, 1.78946, -0.512323, -0.731674, -9.55339, 0, 6.10527)

[node name="Glass9" parent="." instance=ExtResource("5_jefni")]
transform = Transform3D(-0.725133, -1.0691, -1.52683, 8.62513e-08, 1.6383, -1.14715, 1.86392, -0.415921, -0.593997, -12.3626, 0, 12.932)

[node name="Glass10" parent="." instance=ExtResource("5_jefni")]
transform = Transform3D(-0.725133, -1.0691, -1.52683, 8.62513e-08, 1.6383, -1.14715, 1.86392, -0.415921, -0.593997, -11.6374, 0, 11.068)

[node name="Glass11" parent="." instance=ExtResource("5_jefni")]
transform = Transform3D(0.621946, 1.09028, 1.55708, 1.07561e-07, 1.6383, -1.14715, -1.90084, 0.356736, 0.509472, -16.5795, 0, 15.8067)

[node name="Glass12" parent="." instance=ExtResource("5_jefni")]
transform = Transform3D(0.621946, 1.09028, 1.55708, 1.07561e-07, 1.6383, -1.14715, -1.90084, 0.356736, 0.509472, -17.2015, 0, 17.7075)

[node name="Glass13" parent="." instance=ExtResource("5_jefni")]
transform = Transform3D(0.621946, 1.09028, 1.55708, 1.07561e-07, 1.6383, -1.14715, -1.90084, 0.356736, 0.509472, -20.5795, 0, 14.8067)

[node name="Glass14" parent="." instance=ExtResource("5_jefni")]
transform = Transform3D(0.621946, 1.09028, 1.55708, 1.07561e-07, 1.6383, -1.14715, -1.90084, 0.356736, 0.509472, -21.2015, 0, 16.7075)

[node name="Glass15" parent="." instance=ExtResource("5_jefni")]
transform = Transform3D(0.621946, 1.09028, 1.55708, 1.07561e-07, 1.6383, -1.14715, -1.90084, 0.356736, 0.509472, -24.2325, 0, 12.956)

[node name="Glass17" parent="." instance=ExtResource("5_jefni")]
transform = Transform3D(0.621946, 1.09028, 1.55708, 1.07561e-07, 1.6383, -1.14715, -1.90084, 0.356736, 0.509472, -27.1575, 0, 9.16785)

[node name="Glass16" parent="." instance=ExtResource("5_jefni")]
transform = Transform3D(0.621946, 1.09028, 1.55708, 1.07561e-07, 1.6383, -1.14715, -1.90084, 0.356736, 0.509472, -24.8544, 0, 14.8568)

[node name="Glass5" parent="." instance=ExtResource("5_jefni")]
transform = Transform3D(0.614946, 1.09158, 1.55894, 0, 1.6383, -1.14715, -1.90311, 0.352718, 0.503734, -11.6925, 0, 1.04844)

[node name="Glass6" parent="." instance=ExtResource("5_jefni")]
transform = Transform3D(0.614946, 1.09158, 1.55894, 0, 1.6383, -1.14715, -1.90311, 0.352718, 0.503734, -12.3075, 0, 2.95156)

[node name="gem" parent="." instance=ExtResource("6_c8urb")]
transform = Transform3D(1, 0, 0, 0, 1, 0, 0, 0, 1, -30.8972, 0.133707, 9.9458)
nextLevel = "octopusGame3"
